10
F3D0	0	0.392162	0.485037	0.292153	0.463292	0.333963	0.345589	0.331346	0.358323	0.370534
F3D1	0.392162	0	0.547535	0.453939	0.553809	0.485791	0.508343	0.493266	0.547591	0.562203
F3D11	0.485037	0.547535	0	0.440738	0.26837	0.408768	0.343979	0.419059	0.344104	0.324939
F3D125	0.292153	0.453939	0.440738	0	0.404457	0.258679	0.266541	0.243972	0.27265	0.269169
F3D13	0.463292	0.553809	0.26837	0.404457	0	0.375664	0.247946	0.368851	0.333973	0.292943
F3D141	0.333963	0.485791	0.408768	0.258679	0.375664	0	0.259949	0.178225	0.231289	0.230132
F3D142	0.345589	0.508343	0.343979	0.266541	0.247946	0.259949	0	0.220615	0.242879	0.201398
F3D143	0.331346	0.493266	0.419059	0.243972	0.368851	0.178225	0.220615	0	0.196206	0.203631
F3D144	0.358323	0.547591	0.344104	0.27265	0.333973	0.231289	0.242879	0.196206	0	0.141343
F3D145	0.370534	0.562203	0.324939	0.269169	0.292943	0.230132	0.201398	0.203631	0.141343	0
